{"1": [[0.25]], "2": [[0.26666666666666666, -0.06666666666666667], [-0.06666666666666667, 0.26666666666666666]], "3": [[0.26785714285714285, -0.07142857142857142, 0.017857142857142856], [-0.07142857142857142, 0.2857142857142857, -0.07142857142857142], [0.017857142857142856, -0.07142857142857142, 0.26785714285714285]], "4": [[0.2679425837320574, -0.07177033492822966, 0.019138755980861243, -0.004784688995215311], [-0.07177033492822966, 0.28708133971291866, -0.07655502392344497, 0.019138755980861243], [0.019138755980861243, -0.07655502392344497, 0.28708133971291866, -0.07177033492822966], [-0.004784688995215311, 0.019138755980861243, -0.07177033492822966, 0.2679425837320574]], "5": [[0.26794871794871794, -0.07179487179487179, 0.01923076923076923, -0.005128205128205127, 0.0012820512820512818], [-0.07179487179487179, 0.28717948717948716, -0.07692307692307691, 0.02051282051282051, -0.005128205128205127], [0.01923076923076923, -0.07692307692307691, 0.28846153846153844, -0.07692307692307691, 0.01923076923076923], [-0.005128205128205128, 0.020512820512820513, -0.07692307692307693, 0.28717948717948716, -0.07179487179487179], [0.001282051282051282, -0.005128205128205128, 0.019230769230769232, -0.07179487179487179, 0.26794871794871794]], "6": [[0.2679491583648231, -0.07179663345929234, 0.019237375472346274, -0.005152868430092751, 0.0013740982480247338, -0.00034352456200618345], [-0.07179663345929234, 0.28718653383716936, -0.0769495018893851, 0.020611473720371004, -0.005496392992098935, 0.0013740982480247338], [0.019237375472346274, -0.0769495018893851, 0.2885606320851941, -0.07729302645139127, 0.020611473720371008, -0.005152868430092752], [-0.005152868430092751, 0.020611473720371004, -0.07729302645139129, 0.2885606320851941, -0.0769495018893851, 0.019237375472346274], [0.0013740982480247336, -0.005496392992098934, 0.020611473720371008, -0.0769495018893851, 0.28718653383716936, -0.07179663345929234], [-0.00034352456200618345, 0.0013740982480247338, -0.005152868430092752, 0.01923737547234627, -0.07179663345929234, 0.2679491583648231]], "7": [[0.26794918998527245, -0.07179675994108983, 0.01923784977908689, -0.005154639175257731, 0.0013807069219440352, -0.00036818851251840936, 9.204712812960234e-05], [-0.07179675994108983, 0.28718703976435933, -0.07695139911634756, 0.020618556701030924, -0.005522827687776141, 0.0014727540500736375, -0.00036818851251840936], [0.01923784977908689, -0.07695139911634756, 0.28856774668630336, -0.07731958762886597, 0.02071060382916053, -0.005522827687776141, 0.0013807069219440352], [-0.005154639175257732, 0.020618556701030927, -0.07731958762886598, 0.28865979381443296, -0.07731958762886598, 0.020618556701030927, -0.005154639175257732], [0.0013807069219440352, -0.005522827687776141, 0.02071060382916053, -0.07731958762886597, 0.28856774668630336, -0.07695139911634756, 0.01923784977908689], [-0.00036818851251840936, 0.0014727540500736375, -0.005522827687776141, 0.020618556701030924, -0.07695139911634756, 0.28718703976435933, -0.07179675994108983], [9.204712812960235e-05, -0.0003681885125184094, 0.0013807069219440354, -0.005154639175257731, 0.01923784977908689, -0.07179675994108983, 0.26794918998527245]], "8": [[0.26794919225551855, -0.07179676902207424, 0.019237883832778392, -0.00515476630903934, 0.0013811814033789615, -0.00036995930447650765, 9.865581452706867e-05, -2.466395363176717e-05], [-0.07179676902207424, 0.28718707608829697, -0.07695153533111357, 0.02061906523615736, -0.005524725613515846, 0.0014798372179060306, -0.0003946232581082747, 9.865581452706867e-05], [0.019237883832778396, -0.07695153533111358, 0.28856825749167586, -0.0773214946355901, 0.020717721050684423, -0.0055493895671476145, 0.0014798372179060301, -0.00036995930447650754], [-0.005154766309039339, 0.020619065236157356, -0.07732149463559009, 0.28866691330620303, -0.07734615858922185, 0.020717721050684427, -0.005524725613515846, 0.0013811814033789615], [0.0013811814033789615, -0.005524725613515846, 0.020717721050684423, -0.07734615858922185, 0.288666913306203, -0.07732149463559009, 0.020619065236157353, -0.005154766309039338], [-0.00036995930447650754, 0.0014798372179060301, -0.0055493895671476145, 0.020717721050684423, -0.07732149463559009, 0.2885682574916759, -0.07695153533111357, 0.019237883832778392], [9.865581452706869e-05, -0.00039462325810827475, 0.0014798372179060304, -0.005524725613515846, 0.020619065236157356, -0.07695153533111358, 0.2871870760882969, -0.07179676902207423], [-2.4663953631767172e-05, 9.865581452706869e-05, -0.0003699593044765076, 0.0013811814033789613, -0.005154766309039338, 0.019237883832778392, -0.07179676902207423, 0.26794919225551855]], "9": [[0.2679491924185149, -0.07179676967405958, 0.01923788627772344, -0.005154775436834175, 0.0013812154696132598, -0.0003700864416188638, 9.913029686219565e-05, -2.6434745829918836e-05, 6.608686457479709e-06], [-0.07179676967405958, 0.28718707869623833, -0.07695154511089376, 0.0206191017473367, -0.005524861878453039, 0.0014803457664754553, -0.0003965211874487826, 0.00010573898331967534, -2.6434745829918836e-05], [0.01923788627772344, -0.07695154511089376, 0.2885682941658516, -0.07732163155251262, 0.020718232044198898, -0.005551296624282958, 0.0014869544529329348, -0.00039652118744878256, 9.913029686219564e-05], [-0.005154775436834175, 0.0206191017473367, -0.07732163155251262, 0.2886674244627138, -0.07734806629834255, 0.020724840730656377, -0.005551296624282957, 0.001480345766475455, -0.00037008644161886376], [0.0013812154696132596, -0.0055248618784530384, 0.020718232044198894, -0.07734806629834255, 0.2886740331491713, -0.07734806629834255, 0.02071823204419889, -0.005524861878453038, 0.0013812154696132594], [-0.0003700864416188638, 0.0014803457664754553, -0.0055512966242829585, 0.020724840730656374, -0.07734806629834254, 0.2886674244627138, -0.0773216315525126, 0.020619101747336697, -0.005154775436834174], [9.913029686219567e-05, -0.00039652118744878267, 0.001486954452932935, -0.005551296624282956, 0.020718232044198894, -0.07732163155251262, 0.28856829416585156, -0.07695154511089375, 0.019237886277723437], [-2.6434745829918846e-05, 0.00010573898331967538, -0.00039652118744878267, 0.0014803457664754548, -0.005524861878453038, 0.0206191017473367, -0.07695154511089375, 0.28718707869623833, -0.07179676967405958], [6.6086864574797114e-06, -2.6434745829918846e-05, 9.913029686219567e-05, -0.00037008644161886376, 0.0013812154696132594, -0.005154775436834174, 0.019237886277723437, -0.07179676967405958, 0.2679491924185149]], "10": [[0.26794919243021753, -0.07179676972087001, 0.019237886453262593, -0.005154776092180359, 0.0013812179154588386, -0.0003700955696549966, 9.916436316114738e-05, -2.6561882989593052e-05, 7.083168797224814e-06, -1.7707921993062033e-06], [-0.07179676972087001, 0.28718707888348005, -0.07695154581305037, 0.020619104368721435, -0.0055248716618353545, 0.0014803822786199864, -0.00039665745264458953, 0.00010624753195837221, -2.8332675188899256e-05, 7.083168797224813e-06], [0.019237886453262597, -0.07695154581305039, 0.2885682967989389, -0.07732164138270538, 0.02071826873188258, -0.005551433544824949, 0.0014874654474172108, -0.0003984282448438958, 0.00010624753195837221, -2.656188298959305e-05], [-0.005154776092180359, 0.020619104368721435, -0.07732164138270539, 0.28866746116210007, -0.07734820326569497, 0.020725351900679808, -0.005553204337024254, 0.001487465447417211, -0.0003966574526445896, 9.916436316114738e-05], [0.0013812179154588388, -0.005524871661835355, 0.02071826873188258, -0.07734820326569497, 0.2886745443308973, -0.07734997405789427, 0.020725351900679805, -0.005551433544824948, 0.0014803822786199862, -0.0003700955696549965], [-0.00037009556965499654, 0.0014803822786199862, -0.005551433544824949, 0.020725351900679805, -0.07734997405789427, 0.2886745443308973, -0.07734820326569497, 0.02071826873188258, -0.005524871661835355, 0.0013812179154588386], [9.91643631611474e-05, -0.0003966574526445896, 0.0014874654474172112, -0.005553204337024254, 0.020725351900679805, -0.07734820326569497, 0.28866746116210007, -0.07732164138270538, 0.020619104368721435, -0.005154776092180358], [-2.6561882989593052e-05, 0.00010624753195837221, -0.0003984282448438958, 0.0014874654474172106, -0.005551433544824948, 0.02071826873188258, -0.07732164138270538, 0.2885682967989389, -0.07695154581305039, 0.019237886453262593], [7.083168797224814e-06, -2.8332675188899256e-05, 0.00010624753195837221, -0.0003966574526445895, 0.001480382278619986, -0.0055248716618353545, 0.02061910436872143, -0.07695154581305037, 0.2871870788834801, -0.07179676972087001], [-1.7707921993062035e-06, 7.083168797224814e-06, -2.656188298959305e-05, 9.916436316114737e-05, -0.00037009556965499643, 0.0013812179154588384, -0.005154776092180358, 0.019237886453262593, -0.07179676972087001, 0.2679491924302175]], "11": [[0.2679491924310577, -0.07179676972423085, 0.019237886465865738, -0.005154776139232098, 0.0013812180910626507, -0.0003700962250185048, 9.916680901136858e-05, -2.6571011026969577e-05, 7.117235096509706e-06, -1.8979293590692553e-06, 4.744823397673138e-07], [-0.07179676972423085, 0.2871870788969234, -0.07695154586346295, 0.02061910455692839, -0.005524872364250603, 0.0014803849000740192, -0.0003966672360454743, 0.00010628404410787831, -2.8468940386038824e-05, 7.591717436277021e-06, -1.8979293590692553e-06], [0.01923788646586574, -0.07695154586346296, 0.2885682969879861, -0.07732164208848147, 0.02071827136593976, -0.005551443375277572, 0.0014875021351705288, -0.00039856516540454366, 0.00010675852644764559, -2.846894038603883e-05, 7.117235096509708e-06], [-0.005154776139232098, 0.02061910455692839, -0.07732164208848148, 0.2886674637969975, -0.07734821309950844, 0.020725388601036267, -0.005553341304636641, 0.0014879766175102964, -0.00039856516540454355, 0.00010628404410787831, -2.6571011026969577e-05], [0.0013812180910626505, -0.005524872364250602, 0.02071827136593976, -0.07734821309950844, 0.288674581032094, -0.07735011102886749, 0.020725863083376036, -0.005553341304636641, 0.0014875021351705286, -0.00039666723604547436, 9.916680901136859e-05], [-0.00037009622501850485, 0.0014803849000740194, -0.0055514433752775726, 0.020725388601036267, -0.0773501110288675, 0.28867505551443373, -0.0773501110288675, 0.02072538860103627, -0.005551443375277571, 0.0014803849000740192, -0.0003700962250185048], [9.916680901136859e-05, -0.00039666723604547436, 0.001487502135170529, -0.00555334130463664, 0.020725863083376036, -0.0773501110288675, 0.288674581032094, -0.07734821309950844, 0.020718271365939754, -0.005524872364250602, 0.0013812180910626505], [-2.6571011026969573e-05, 0.0001062840441078783, -0.00039856516540454366, 0.001487976617510296, -0.00555334130463664, 0.02072538860103627, -0.07734821309950843, 0.2886674637969975, -0.07732164208848145, 0.020619104556928388, -0.005154776139232097], [7.117235096509708e-06, -2.846894038603883e-05, 0.00010675852644764562, -0.00039856516540454355, 0.0014875021351705286, -0.005551443375277572, 0.020718271365939758, -0.07732164208848147, 0.2885682969879861, -0.07695154586346295, 0.019237886465865738], [-1.897929359069255e-06, 7.59171743627702e-06, -2.8468940386038827e-05, 0.00010628404410787827, -0.00039666723604547425, 0.001480384900074019, -0.005524872364250601, 0.020619104556928388, -0.07695154586346295, 0.2871870788969234, -0.07179676972423085], [4.7448233976731377e-07, -1.897929359069255e-06, 7.117235096509706e-06, -2.6571011026969563e-05, 9.916680901136855e-05, -0.0003700962250185047, 0.0013812180910626503, -0.005154776139232097, 0.019237886465865734, -0.07179676972423085, 0.2679491924310577]], "12": [[0.26794919243111803, -0.07179676972447216, 0.019237886466770604, -0.005154776142610261, 0.001381218103670437, -0.0003700962720714877, 9.91669846155137e-05, -2.6571666390567135e-05, 7.119680946754829e-06, -1.9070573964521866e-06, 5.085486390539163e-07, -1.2713715976347908e-07], [-0.07179676972447216, 0.28718707889788864, -0.07695154586708242, 0.020619104570441044, -0.005524872414681748, 0.001480385088285951, -0.0003966679384620548, 0.00010628666556226854, -2.8478723787019316e-05, 7.628229585808746e-06, -2.0341945562156653e-06, 5.085486390539163e-07], [0.019237886466770604, -0.07695154586708242, 0.28856829700155906, -0.07732164213915392, 0.020718271555056556, -0.0055514440810723155, 0.0014875047692327055, -0.00039857499585850705, 0.00010679521420132243, -2.86058609467828e-05, 7.6282295858087455e-06, -1.9070573964521864e-06], [-0.00515477614261026, 0.02061910457044104, -0.0773216421391539, 0.28866746398617465, -0.07734821380554448, 0.020725391236003313, -0.0055533511384687675, 0.0014880133178717598, -0.0003987021330182704, 0.00010679521420132246, -2.8478723787019316e-05, 7.119680946754829e-06], [0.001381218103670437, -0.005524872414681748, 0.020718271555056556, -0.07734821380554448, 0.28867458366712134, -0.07735012086294094, 0.020725899784642364, -0.005553478275628532, 0.0014880133178717591, -0.00039857499585850705, 0.00010628666556226851, -2.6571666390567128e-05], [-0.0003700962720714877, 0.001480385088285951, -0.0055514440810723155, 0.020725391236003306, -0.07735012086294092, 0.28867509221576043, -0.0773502480001007, 0.020725899784642367, -0.005553351138468767, 0.0014875047692327057, -0.0003966679384620547, 9.916698461551368e-05], [9.916698461551372e-05, -0.0003966679384620549, 0.0014875047692327057, -0.0055533511384687675, 0.020725899784642364, -0.07735024800010068, 0.28867509221576043, -0.07735012086294094, 0.020725391236003306, -0.0055514440810723155, 0.0014803850882859505, -0.0003700962720714876], [-2.6571666390567135e-05, 0.00010628666556226854, -0.00039857499585850705, 0.0014880133178717593, -0.00555347827562853, 0.02072589978464236, -0.07735012086294092, 0.2886745836671214, -0.07734821380554446, 0.020718271555056556, -0.005524872414681747, 0.0013812181036704368], [7.11968094675483e-06, -2.847872378701932e-05, 0.00010679521420132245, -0.0003987021330182704, 0.0014880133178717593, -0.0055533511384687675, 0.02072539123600331, -0.07734821380554448, 0.28866746398617454, -0.0773216421391539, 0.02061910457044104, -0.00515477614261026], [-1.9070573964521866e-06, 7.628229585808746e-06, -2.8605860946782794e-05, 0.00010679521420132242, -0.0003985749958585069, 0.0014875047692327053, -0.005551444081072314, 0.020718271555056553, -0.07732164213915389, 0.28856829700155906, -0.07695154586708242, 0.019237886466770604], [5.085486390539164e-07, -2.0341945562156657e-06, 7.628229585808745e-06, -2.847872378701931e-05, 0.00010628666556226848, -0.00039666793846205466, 0.0014803850882859505, -0.005524872414681747, 0.020619104570441037, -0.0769515458670824, 0.28718707889788864, -0.07179676972447216], [-1.2713715976347908e-07, 5.085486390539163e-07, -1.9070573964521862e-06, 7.1196809467548265e-06, -2.657166639056712e-05, 9.916698461551367e-05, -0.0003700962720714876, 0.0013812181036704368, -0.0051547761426102585, 0.0192378864667706, -0.07179676972447216, 0.26794919243111803]], "13": [[0.26794919243112236, -0.07179676972448948, 0.01923788646683557, -0.0051547761428528014, 0.0013812181045756355, -0.00037009627544973983, 9.916699722332405e-05, -2.657171344355643e-05, 7.1198565509016585e-06, -1.907712760050205e-06, 5.109944892991621e-07, -1.3626519714644322e-07, 3.4066299286610805e-08], [-0.07179676972448948, 0.2871870788979579, -0.07695154586734228, 0.020619104571411206, -0.005524872418302542, 0.0014803851017989593, -0.0003966679888932962, 0.00010628685377422572, -2.8479426203606634e-05, 7.63085104020082e-06, -2.0439779571966482e-06, 5.450607885857729e-07, -1.3626519714644322e-07], [0.01923788646683557, -0.07695154586734228, 0.28856829700253356, -0.07732164214279202, 0.02071827156863453, -0.0055514441317460975, 0.0014875049583498608, -0.00039857570165334645, 0.00010679784826352488, -2.8615691400753073e-05, 7.66491733948743e-06, -2.0439779571966482e-06, 5.109944892991621e-07], [-0.005154776142852802, 0.02061910457141121, -0.07732164214279202, 0.2886674639997569, -0.07734821385623558, 0.02072539142518543, -0.005553351844506147, 0.00148801595283916, -0.0003987119668504929, 0.00010683191456281148, -2.8615691400753076e-05, 7.63085104020082e-06, -1.907712760050205e-06], [0.0013812181045756353, -0.005524872418302541, 0.02071827156863453, -0.07734821385623558, 0.2886745838563078, -0.07735012156899562, 0.020725902419674726, -0.005553488109703294, 0.0014880500191384466, -0.00039871196685049284, 0.00010679784826352487, -2.847942620360663e-05, 7.119856550901658e-06], [-0.0003700962754497399, 0.0014803851017989595, -0.005551444131746098, 0.02072539142518543, -0.07735012156899564, 0.28867509485079706, -0.07735025783419276, 0.020725936485974015, -0.005553488109703294, 0.0014880159528391599, -0.0003985757016533464, 0.00010628685377422571, -2.6571713443556427e-05], [9.916699722332408e-05, -0.0003966679888932963, 0.0014875049583498612, -0.005553351844506148, 0.020725902419674733, -0.07735025783419278, 0.28867512891709635, -0.07735025783419276, 0.02072590241967473, -0.005553351844506147, 0.0014875049583498608, -0.0003966679888932962, 9.916699722332405e-05], [-2.6571713443556434e-05, 0.00010628685377422573, -0.0003985757016533465, 0.00148801595283916, -0.005553488109703294, 0.02072593648597402, -0.07735025783419276, 0.28867509485079706, -0.07735012156899562, 0.020725391425185428, -0.005551444131746097, 0.001480385101798959, -0.0003700962754497398], [7.11985655090166e-06, -2.847942620360664e-05, 0.00010679784826352489, -0.00039871196685049284, 0.0014880500191384466, -0.005553488109703294, 0.020725902419674726, -0.07735012156899562, 0.2886745838563078, -0.07734821385623557, 0.020718271568634525, -0.00552487241830254, 0.001381218104575635], [-1.9077127600502054e-06, 7.630851040200822e-06, -2.8615691400753076e-05, 0.00010683191456281148, -0.0003987119668504928, 0.00148801595283916, -0.005553351844506147, 0.02072539142518543, -0.07734821385623558, 0.28866746399975685, -0.07732164214279201, 0.020619104571411202, -0.005154776142852801], [5.109944892991622e-07, -2.0439779571966487e-06, 7.66491733948743e-06, -2.861569140075307e-05, 0.00010679784826352485, -0.00039857570165334634, 0.0014875049583498608, -0.005551444131746097, 0.020718271568634528, -0.07732164214279201, 0.28856829700253356, -0.07695154586734228, 0.01923788646683557], [-1.3626519714644322e-07, 5.450607885857729e-07, -2.0439779571966482e-06, 7.630851040200818e-06, -2.8479426203606627e-05, 0.0001062868537742257, -0.0003966679888932962, 0.0014803851017989593, -0.00552487241830254, 0.020619104571411202, -0.07695154586734228, 0.2871870788979579, -0.07179676972448948], [3.4066299286610805e-08, -1.3626519714644322e-07, 5.109944892991621e-07, -1.9077127600502046e-06, 7.119856550901656e-06, -2.6571713443556423e-05, 9.916699722332405e-05, -0.0003700962754497398, 0.0013812181045756349, -0.005154776142852801, 0.01923788646683557, -0.07179676972448948, 0.26794919243112236]], "14": [[0.2679491924311227, -0.07179676972449073, 0.019237886466840232, -0.005154776142870216, 0.001381218104640626, -0.00037009627569228746, 9.91669981285241e-05, -2.657171682180907e-05, 7.119869158712152e-06, -1.907759813039538e-06, 5.111700934460003e-07, -1.3692056074446443e-07, 3.651214953185718e-08, -9.128037382964296e-09], [-0.07179676972449073, 0.2871870788979629, -0.07695154586736093, 0.020619104571480865, -0.005524872418562504, 0.0014803851027691498, -0.0003966679925140964, 0.00010628686728723628, -2.8479476634848607e-05, 7.631039252158151e-06, -2.0446803737840014e-06, 5.476822429778577e-07, -1.4604859812742873e-07, 3.651214953185718e-08], [0.019237886466840236, -0.07695154586736094, 0.2885682970026035, -0.07732164214305325, 0.02071827156960939, -0.005551444135384312, 0.0014875049719278617, -0.00039857575232713605, 0.00010679803738068228, -2.8616397195593068e-05, 7.667551401690005e-06, -2.0538084111669666e-06, 5.476822429778577e-07, -1.3692056074446443e-07], [-0.0051547761428702155, 0.020619104571480862, -0.07732164214305323, 0.2886674640007321, -0.07734821385987506, 0.0207253914387681, -0.005553351895197351, 0.001488016142021308, -0.0003987126728878805, 0.00010683454953021413, -2.862552523297602e-05, 7.667551401690009e-06, -2.044680373784002e-06, 5.111700934460006e-07], [0.0013812181046406258, -0.005524872418562503, 0.020718271569609387, -0.07734821385987505, 0.2886745838698908, -0.07735012161968809, 0.020725902608861542, -0.005553488815758095, 0.0014880526541708398, -0.00039872180092526344, 0.00010683454953021407, -2.8616397195593065e-05, 7.631039252158151e-06, -1.907759813039538e-06], [-0.00037009627569228746, 0.0014803851027691498, -0.005551444135384312, 0.020725391438768094, -0.07735012161968807, 0.28867509503998423, -0.07735025854024882, 0.020725939121011075, -0.0055534979437954785, 0.0014880526541708396, -0.0003987126728878803, 0.00010679803738068225, -2.84794766348486e-05, 7.11986915871215e-06], [9.916699812852413e-05, -0.00039666799251409653, 0.0014875049719278621, -0.00555335189519735, 0.020725902608861542, -0.07735025854024882, 0.28867513155213376, -0.0773502676682862, 0.020725939121011075, -0.005553488815758095, 0.0014880161420213072, -0.00039857575232713594, 0.00010628686728723626, -2.6571716821809064e-05], [-2.657171682180907e-05, 0.00010628686728723628, -0.0003985757523271361, 0.0014880161420213077, -0.005553488815758095, 0.020725939121011075, -0.0773502676682862, 0.28867513155213376, -0.07735025854024882, 0.020725902608861542, -0.005553351895197349, 0.0014875049719278615, -0.0003966679925140964, 9.91669981285241e-05], [7.119869158712152e-06, -2.8479476634848607e-05, 0.00010679803738068229, -0.00039871267288788047, 0.0014880526541708396, -0.0055534979437954785, 0.02072593912101107, -0.07735025854024882, 0.28867509503998423, -0.07735012161968807, 0.02072539143876809, -0.0055514441353843105, 0.0014803851027691494, -0.00037009627569228735], [-1.907759813039538e-06, 7.631039252158151e-06, -2.861639719559307e-05, 0.00010683454953021411, -0.0003987218009252634, 0.0014880526541708396, -0.005553488815758094, 0.02072590260886154, -0.07735012161968807, 0.28867458386989076, -0.07734821385987502, 0.02071827156960938, -0.005524872418562502, 0.0013812181046406254], [5.111700934460007e-07, -2.0446803737840026e-06, 7.667551401690009e-06, -2.8625525232976027e-05, 0.0001068345495302141, -0.0003987126728878804, 0.0014880161420213077, -0.00555335189519735, 0.02072539143876809, -0.07734821385987502, 0.288667464000732, -0.07732164214305322, 0.02061910457148086, -0.005154776142870215], [-1.3692056074446443e-07, 5.476822429778577e-07, -2.0538084111669666e-06, 7.667551401690007e-06, -2.8616397195593058e-05, 0.00010679803738068225, -0.000398575752327136, 0.001487504971927862, -0.00555144413538431, 0.020718271569609384, -0.07732164214305322, 0.2885682970026035, -0.07695154586736094, 0.019237886466840236], [3.651214953185718e-08, -1.4604859812742873e-07, 5.476822429778577e-07, -2.0446803737840018e-06, 7.63103925215815e-06, -2.8479476634848597e-05, 0.00010628686728723627, -0.0003966679925140965, 0.0014803851027691492, -0.005524872418562502, 0.020619104571480862, -0.07695154586736093, 0.2871870788979629, -0.07179676972449073], [-9.128037382964296e-09, 3.651214953185718e-08, -1.3692056074446443e-07, 5.111700934460004e-07, -1.9077598130395374e-06, 7.11986915871215e-06, -2.6571716821809067e-05, 9.916699812852412e-05, -0.00037009627569228735, 0.0013812181046406254, -0.0051547761428702155, 0.019237886466840236, -0.07179676972449073, 0.2679491924311227]], "15": [[0.2679491924311227, -0.07179676972449081, 0.01923788646684057, -0.005154776142871465, 0.0013812181046452918, -0.0003700962757097016, 9.916699819351457e-05, -2.65717170643567e-05, 7.119870063912219e-06, -1.907763191292178e-06, 5.111827012564935e-07, -1.3696761373379739e-07, 3.668775367869572e-08, -9.783400980985526e-09, 2.4458502452463815e-09], [-0.07179676972449081, 0.28718707889796324, -0.07695154586736228, 0.02061910457148586, -0.005524872418581167, 0.0014803851028388063, -0.0003966679927740583, 0.0001062868682574268, -2.8479480255648875e-05, 7.631052765168711e-06, -2.044730805025974e-06, 5.478704549351895e-07, -1.4675101471478287e-07, 3.9133603923942104e-08, -9.783400980985526e-09], [0.01923788646684057, -0.07695154586736228, 0.28856829700260855, -0.07732164214307198, 0.020718271569679376, -0.0055514441356455235, 0.0014875049729027186, -0.0003985757559653505, 0.00010679805095868328, -2.861644786938267e-05, 7.667740518847403e-06, -2.054514206006961e-06, 5.503163051804358e-07, -1.467510147147829e-07, 3.6687753678695725e-08], [-0.005154776142871466, 0.020619104571485865, -0.07732164214307198, 0.28866746400080207, -0.07734821386013634, 0.02072539143974329, -0.005553351898836816, 0.0014880161556039752, -0.00039871272357908425, 0.00010683473871236197, -2.8626231270363642e-05, 7.670186369092655e-06, -2.0545142060069605e-06, 5.478704549351895e-07, -1.3696761373379739e-07], [0.0013812181046452918, -0.005524872418581167, 0.020718271569679376, -0.07734821386013634, 0.288674583870866, -0.07735012162332763, 0.020725902622444545, -0.00555348886645055, 0.0014880528433576536, -0.0003987225069800652, 0.00010683718456260716, -2.862623127036366e-05, 7.667740518847407e-06, -2.044730805025975e-06, 5.111827012564938e-07], [-0.0003700962757097016, 0.0014803851028388063, -0.005551444135645524, 0.02072539143974329, -0.07735012162332763, 0.28867509505356725, -0.07735025859094137, 0.020725939310198224, -0.005553498649851531, 0.0014880552892078988, -0.00039872250698006503, 0.00010683473871236198, -2.8616447869382665e-05, 7.631052765168711e-06, -1.907763191292178e-06], [9.916699819351457e-05, -0.0003966679927740583, 0.0014875049729027186, -0.0055533518988368155, 0.020725902622444545, -0.07735025859094137, 0.2886751317413209, -0.07735026837434235, 0.020725941756048468, -0.00555349864985153, 0.001488052843357653, -0.00039871272357908425, 0.00010679805095868325, -2.847948025564887e-05, 7.119870063912218e-06], [-2.6571717064356698e-05, 0.00010628686825742679, -0.00039857575596535046, 0.001488016155603975, -0.00555348886645055, 0.02072593931019822, -0.07735026837434235, 0.28867513418717117, -0.07735026837434235, 0.02072593931019822, -0.005553488866450547, 0.001488016155603975, -0.00039857575596535035, 0.00010628686825742678, -2.6571717064356694e-05], [7.119870063912219e-06, -2.8479480255648875e-05, 0.00010679805095868328, -0.0003987127235790842, 0.0014880528433576536, -0.005553498649851531, 0.020725941756048465, -0.07735026837434235, 0.2886751317413209, -0.07735025859094136, 0.020725902622444538, -0.0055533518988368155, 0.0014875049729027182, -0.00039666799277405824, 9.916699819351456e-05], [-1.907763191292178e-06, 7.631052765168711e-06, -2.861644786938267e-05, 0.00010683473871236195, -0.00039872250698006514, 0.0014880552892078988, -0.00555349864985153, 0.02072593931019822, -0.07735025859094136, 0.2886750950535672, -0.0773501216233276, 0.020725391439743286, -0.005551444135645523, 0.0014803851028388061, -0.00037009627570970153], [5.111827012564938e-07, -2.044730805025975e-06, 7.667740518847407e-06, -2.862623127036365e-05, 0.00010683718456260719, -0.00039872250698006514, 0.0014880528433576536, -0.005553488866450549, 0.020725902622444538, -0.07735012162332762, 0.2886745838708659, -0.07734821386013634, 0.020718271569679373, -0.005524872418581167, 0.0013812181046452918], [-1.369676137337974e-07, 5.478704549351896e-07, -2.054514206006961e-06, 7.670186369092652e-06, -2.8626231270363645e-05, 0.00010683473871236195, -0.00039871272357908414, 0.0014880161556039748, -0.005553351898836814, 0.020725391439743286, -0.07734821386013634, 0.28866746400080207, -0.07732164214307198, 0.020619104571485865, -0.005154776142871466], [3.668775367869573e-08, -1.4675101471478293e-07, 5.503163051804359e-07, -2.05451420600696e-06, 7.667740518847405e-06, -2.861644786938266e-05, 0.00010679805095868327, -0.0003985757559653504, 0.001487504972902718, -0.005551444135645523, 0.020718271569679376, -0.07732164214307198, 0.28856829700260855, -0.07695154586736229, 0.019237886466840572], [-9.78340098098553e-09, 3.913360392394212e-08, -1.467510147147829e-07, 5.478704549351893e-07, -2.0447308050259746e-06, 7.63105276516871e-06, -2.847948025564887e-05, 0.00010628686825742678, -0.0003966679927740582, 0.0014803851028388061, -0.005524872418581167, 0.02061910457148586, -0.07695154586736228, 0.2871870788979633, -0.07179676972449082], [2.445850245246382e-09, -9.783400980985528e-09, 3.6687753678695725e-08, -1.3696761373379733e-07, 5.111827012564937e-07, -1.9077631912921774e-06, 7.119870063912218e-06, -2.6571717064356694e-05, 9.916699819351455e-05, -0.0003700962757097015, 0.0013812181046452918, -0.005154776142871465, 0.01923788646684057, -0.07179676972449082, 0.2679491924311227]], "16": [[0.2679491924311227, -0.07179676972449082, 0.019237886466840597, -0.005154776142871555, 0.0013812181046456268, -0.0003700962757109519, 9.916699819818068e-05, -2.6571717081770834e-05, 7.119870128902659e-06, -1.9077634338398048e-06, 5.111836064565605e-07, -1.3697099198643732e-07, 3.670036148918897e-08, -9.830453970318472e-09, 2.6214543920849247e-09, -6.553635980212312e-10], [-0.07179676972449082, 0.2871870788979633, -0.07695154586736239, 0.02061910457148622, -0.005524872418582507, 0.0014803851028438075, -0.0003966679927927227, 0.00010628686832708334, -2.8479480515610635e-05, 7.631053735359219e-06, -2.044734425826242e-06, 5.478839679457493e-07, -1.468014459567559e-07, 3.932181588127389e-08, -1.0485817568339699e-08, 2.6214543920849247e-09], [0.019237886466840597, -0.07695154586736239, 0.28856829700260894, -0.07732164214307333, 0.020718271569684404, -0.005551444135664278, 0.0014875049729727102, -0.0003985757562265625, 0.00010679805193353988, -2.861645150759707e-05, 7.667754096848408e-06, -2.05456487979656e-06, 5.505054223378346e-07, -1.4745680955477708e-07, 3.932181588127387e-08, -9.830453970318467e-09], [-0.005154776142871555, 0.02061910457148622, -0.07732164214307334, 0.2886674640008071, -0.07734821386015511, 0.020725391439813307, -0.005553351899098118, 0.0014880161565791667, -0.0003987127272185489, 0.00010683475229502906, -2.862628196156739e-05, 7.67037555124049e-06, -2.0552202433945823e-06, 5.505054223378345e-07, -1.468014459567558e-07, 3.670036148918895e-08], [0.0013812181046456268, -0.005524872418582507, 0.0207182715696844, -0.0773482138601551, 0.28867458387093603, -0.07735012162358894, 0.02072590262341976, -0.005553488870090104, 0.0014880528569406557, -0.0003987225576725192, 0.00010683737374942115, -2.8626937325165404e-05, 7.670375551240494e-06, -2.0545648797965608e-06, 5.478839679457493e-07, -1.3697099198643732e-07], [-0.0003700962757109519, 0.0014803851028438075, -0.005551444135664278, 0.020725391439813303, -0.07735012162358894, 0.2886750950545425, -0.07735025859458093, 0.02072593932378125, -0.005553498700544074, 0.0014880554783950476, -0.0003987232130361172, 0.00010683737374942114, -2.8626281961567393e-05, 7.66775409684841e-06, -2.0447344258262416e-06, 5.111836064565604e-07], [9.916699819818068e-05, -0.0003966679927927227, 0.0014875049729727102, -0.005553351899098118, 0.02072590262341976, -0.07735025859458093, 0.28867513175490395, -0.0773502684250349, 0.02072594194523564, -0.005553499355907671, 0.0014880554783950476, -0.0003987225576725191, 0.00010683475229502907, -2.8616451507597076e-05, 7.631053735359217e-06, -1.9077634338398044e-06], [-2.6571717081770834e-05, 0.00010628686832708334, -0.0003985757562265625, 0.0014880161565791665, -0.005553488870090104, 0.020725939323781247, -0.0773502684250349, 0.28867513437635833, -0.07735026908039849, 0.020725941945235637, -0.005553498700544074, 0.0014880528569406555, -0.0003987127272185489, 0.0001067980519335399, -2.847948051561063e-05, 7.119870128902658e-06], [7.1198701289026596e-06, -2.8479480515610638e-05, 0.0001067980519335399, -0.00039871272721854885, 0.0014880528569406557, -0.005553498700544074, 0.020725941945235637, -0.07735026908039849, 0.28867513437635833, -0.07735026842503488, 0.020725939323781247, -0.005553488870090103, 0.0014880161565791665, -0.0003985757562265625, 0.00010628686832708331, -2.6571717081770828e-05], [-1.9077634338398048e-06, 7.631053735359219e-06, -2.8616451507597073e-05, 0.00010683475229502906, -0.0003987225576725192, 0.0014880554783950478, -0.005553499355907671, 0.02072594194523564, -0.0773502684250349, 0.2886751317549039, -0.07735025859458092, 0.020725902623419758, -0.005553351899098117, 0.0014875049729727102, -0.0003966679927927226, 9.916699819818065e-05], [5.111836064565605e-07, -2.044734425826242e-06, 7.667754096848408e-06, -2.8626281961567386e-05, 0.00010683737374942114, -0.00039872321303611715, 0.0014880554783950476, -0.005553498700544074, 0.020725939323781247, -0.07735025859458092, 0.2886750950545425, -0.07735012162358894, 0.020725391439813303, -0.005551444135664278, 0.0014803851028438073, -0.00037009627571095183], [-1.3697099198643737e-07, 5.478839679457495e-07, -2.0545648797965603e-06, 7.67037555124049e-06, -2.8626937325165404e-05, 0.00010683737374942114, -0.0003987225576725192, 0.0014880528569406557, -0.005553488870090102, 0.020725902623419758, -0.07735012162358892, 0.28867458387093603, -0.0773482138601551, 0.020718271569684404, -0.005524872418582507, 0.0013812181046456268], [3.6700361489188953e-08, -1.4680144595675581e-07, 5.505054223378344e-07, -2.055220243394581e-06, 7.67037555124049e-06, -2.8626281961567382e-05, 0.00010683475229502906, -0.0003987127272185489, 0.001488016156579166, -0.005553351899098116, 0.020725391439813303, -0.0773482138601551, 0.2886674640008071, -0.07732164214307334, 0.020619104571486222, -0.0051547761428715555], [-9.830453970318472e-09, 3.932181588127389e-08, -1.4745680955477706e-07, 5.505054223378344e-07, -2.05456487979656e-06, 7.667754096848406e-06, -2.861645150759707e-05, 0.00010679805193353987, -0.0003985757562265624, 0.00148750497297271, -0.0055514441356642776, 0.0207182715696844, -0.07732164214307333, 0.28856829700260894, -0.07695154586736239, 0.019237886466840597], [2.6214543920849255e-09, -1.0485817568339702e-08, 3.932181588127388e-08, -1.4680144595675581e-07, 5.478839679457493e-07, -2.044734425826242e-06, 7.631053735359219e-06, -2.8479480515610635e-05, 0.0001062868683270833, -0.0003966679927927226, 0.0014803851028438073, -0.0055248724185825064, 0.02061910457148622, -0.07695154586736239, 0.2871870788979633, -0.07179676972449082], [-6.553635980212314e-10, 2.6214543920849255e-09, -9.83045397031847e-09, 3.670036148918895e-08, -1.3697099198643732e-07, 5.111836064565604e-07, -1.9077634338398048e-06, 7.119870128902659e-06, -2.6571717081770824e-05, 9.916699819818064e-05, -0.00037009627571095183, 0.0013812181046456266, -0.005154776142871555, 0.019237886466840597, -0.07179676972449082, 0.2679491924311227]], "17": [[0.2679491924311227, -0.07179676972449082, 0.019237886466840597, -0.0051547761428715625, 0.0013812181046456507, -0.00037009627571104166, 9.91669981985157e-05, -2.657171708302111e-05, 7.1198701335687625e-06, -1.9077634512539407e-06, 5.111836714470012e-07, -1.369712345340642e-07, 3.670126668925567e-08, -9.833832222958454e-09, 2.6340622025781575e-09, -7.024165873541756e-10, 1.756041468385439e-10], [-0.07179676972449082, 0.2871870788979633, -0.07695154586736239, 0.02061910457148625, -0.005524872418582603, 0.0014803851028441666, -0.0003966679927940628, 0.00010628686833208444, -2.847948053427505e-05, 7.631053805015763e-06, -2.044734685788005e-06, 5.478849381362568e-07, -1.4680506675702267e-07, 3.933532889183382e-08, -1.053624881031263e-08, 2.8096663494167024e-09, -7.024165873541756e-10], [0.019237886466840597, -0.07695154586736239, 0.28856829700260894, -0.07732164214307344, 0.02071827156968476, -0.0055514441356656246, 0.0014875049729777354, -0.00039857575624531667, 0.00010679805200353143, -2.8616451768809115e-05, 7.667755071705018e-06, -2.054568518010963e-06, 5.50519000338835e-07, -1.475074833443768e-07, 3.9510933038672365e-08, -1.0536248810312633e-08, 2.6340622025781584e-09], [-0.005154776142871562, 0.020619104571486246, -0.07732164214307342, 0.2886674640008075, -0.07734821386015645, 0.020725391439818334, -0.005553351899116879, 0.0014880161566491823, -0.0003987127274798507, 0.0001068347532702207, -2.862628560103207e-05, 7.670389133907595e-06, -2.0552709345983177e-06, 5.506946044856734e-07, -1.4750748334437684e-07, 3.933532889183383e-08, -9.833832222958457e-09], [0.001381218104645651, -0.005524872418582604, 0.02071827156968476, -0.07734821386015645, 0.288674583870941, -0.0773501216236077, 0.020725902623489778, -0.005553488870351412, 0.0014880528579158713, -0.00039872256131207365, 0.00010683738733242326, -2.8626988017619416e-05, 7.670564738054436e-06, -2.055270934598317e-06, 5.505190003388349e-07, -1.4680506675702267e-07, 3.670126668925567e-08], [-0.00037009627571104166, 0.0014803851028441666, -0.0055514441356656246, 0.02072539143981833, -0.0773501216236077, 0.2886750950546125, -0.07735025859484224, 0.020725939324756467, -0.005553498704183635, 0.001488055491978074, -0.000398723263728661, 0.00010683756293657007, -2.8626988017619426e-05, 7.670389133907595e-06, -2.054568518010963e-06, 5.478849381362569e-07, -1.3697123453406422e-07], [9.91669981985157e-05, -0.0003966679927940628, 0.0014875049729777352, -0.005553351899116878, 0.020725902623489778, -0.07735025859484224, 0.28867513175587917, -0.07735026842867446, 0.020725941958818668, -0.005553499406600222, 0.0014880556675822207, -0.0003987232637286609, 0.00010683738733242328, -2.8626285601032065e-05, 7.667755071705017e-06, -2.044734685788005e-06, 5.111836714470012e-07], [-2.6571717083021113e-05, 0.00010628686833208445, -0.0003985757562453167, 0.001488016156649182, -0.005553488870351411, 0.020725939324756467, -0.07735026842867446, 0.28867513438994136, -0.07735026913109104, 0.020725942134422814, -0.005553499406600222, 0.0014880554919780736, -0.0003987225613120737, 0.00010683475327022067, -2.8616451768809108e-05, 7.631053805015763e-06, -1.9077634512539407e-06], [7.119870133568763e-06, -2.8479480534275053e-05, 0.00010679805200353146, -0.0003987127274798506, 0.0014880528579158715, -0.0055534987041836355, 0.020725941958818665, -0.07735026913109104, 0.2886751345655455, -0.07735026913109104, 0.020725941958818668, -0.005553498704183634, 0.0014880528579158715, -0.0003987127274798506, 0.00010679805200353142, -2.847948053427505e-05, 7.1198701335687625e-06], [-1.907763451253941e-06, 7.631053805015765e-06, -2.8616451768809115e-05, 0.00010683475327022067, -0.0003987225613120736, 0.0014880554919780738, -0.005553499406600221, 0.020725942134422817, -0.07735026913109104, 0.28867513438994136, -0.07735026842867446, 0.02072593932475646, -0.005553488870351412, 0.001488016156649182, -0.00039857575624531656, 0.00010628686833208444, -2.657171708302111e-05], [5.111836714470012e-07, -2.044734685788005e-06, 7.667755071705018e-06, -2.8626285601032065e-05, 0.00010683738733242324, -0.0003987232637286609, 0.0014880556675822207, -0.005553499406600222, 0.020725941958818665, -0.07735026842867444, 0.28867513175587917, -0.07735025859484222, 0.020725902623489778, -0.005553351899116878, 0.001487504972977735, -0.00039666799279406274, 9.916699819851569e-05], [-1.3697123453406422e-07, 5.478849381362569e-07, -2.0545685180109637e-06, 7.670389133907595e-06, -2.8626988017619416e-05, 0.00010683756293657009, -0.000398723263728661, 0.001488055491978074, -0.005553498704183634, 0.020725939324756464, -0.07735025859484224, 0.2886750950546125, -0.0773501216236077, 0.02072539143981833, -0.005551444135665624, 0.0014803851028441666, -0.00037009627571104166], [3.670126668925567e-08, -1.4680506675702267e-07, 5.50519000338835e-07, -2.0552709345983172e-06, 7.670564738054433e-06, -2.8626988017619416e-05, 0.00010683738733242325, -0.0003987225613120736, 0.0014880528579158708, -0.005553488870351411, 0.020725902623489778, -0.0773501216236077, 0.288674583870941, -0.07734821386015645, 0.02071827156968476, -0.005524872418582604, 0.001381218104645651], [-9.833832222958457e-09, 3.933532889183383e-08, -1.475074833443769e-07, 5.506946044856735e-07, -2.0552709345983172e-06, 7.670389133907596e-06, -2.862628560103207e-05, 0.0001068347532702207, -0.0003987127274798506, 0.001488016156649182, -0.005553351899116879, 0.02072539143981833, -0.07734821386015645, 0.28866746400080745, -0.07732164214307342, 0.02061910457148625, -0.0051547761428715625], [2.6340622025781584e-09, -1.0536248810312633e-08, 3.951093303